51
51 515049484746454443424140393837363534333231302928272625242322212019181716151413121110 9 8 7 6 5 4 3 2 1
    5 5 5 5 5 5 5 5 5 5 5 5 5 5 5 5 5 5 5 5 5 5 5 5 5 5 5 5 5 5 5 5 5 5 5 5 5 5 5 5 5 5 5 5 5 5 5 5 5 5 5
51 515049484746454443424140393837363534333231302928272625242322212019181716151413121110 9 8 7 6 5 4 3 2 1
    5 5 5 5 5 5 5 5 5 5 5 5 5 5 5 5 5 5 5 5 5 5 5 5 5 5 5 5 5 5 5 5 5 5 5 5 5 5 5 5 5 5 5 5 5 5 5 5 5 5 3
51 515049484746454443424140393837363534333231302928272625242322212019181716151413121110 9 8 7 6 5 4 3 2 1
    5 5 5 5 5 5 5 5 5 5 5 5 5 5 5 5 5 5 5 5 5 5 5 5 5 5 5 5 5 5 5 5 5 5 5 5 5 5 5 5 5 5 5 5 5 5 5 5 5 3 3
51 515049484746454443424140393837363534333231302928272625242322212019181716151413121110 9 8 7 6 5 4 3 2 1
    5 5 5 5 5 5 5 5 5 5 5 5 5 5 5 5 5 5 5 5 5 5 5 5 5 5 5 5 5 5 5 5 5 5 5 5 5 5 5 5 5 5 5 5 5 5 5 5 3 3 3
51 515049484746454443424140393837363534333231302928272625242322212019181716151413121110 9 8 7 6 5 4 3 2 1
    5 5 5 5 5 5 5 5 5 5 5 5 5 5 5 5 5 5 5 5 5 5 5 5 5 5 5 5 5 5 5 5 5 5 5 5 5 5 5 5 5 5 5 5 5 5 5 3 3 3 3
51 515049484746454443424140393837363534333231302928272625242322212019181716151413121110 9 8 7 6 5 4 3 2 1
    5 5 5 5 5 5 5 5 5 5 5 5 5 5 5 5 5 5 5 5 5 5 5 5 5 5 5 5 5 5 5 5 5 5 5 5 5 5 5 5 5 5 5 5 5 5 3 3 3 3 3
51 515049484746454443424140393837363534333231302928272625242322212019181716151413121110 9 8 7 6 5 4 3 2 1
    5 5 5 5 5 5 5 5 5 5 5 5 5 5 5 5 5 5 5 5 5 5 5 5 5 5 5 5 5 5 5 5 5 5 5 5 5 5 5 5 5 5 5 5 5 3 3 3 3 3 3
51 515049484746454443424140393837363534333231302928272625242322212019181716151413121110 9 8 7 6 5 4 3 2 1
    5 5 5 5 5 5 5 5 5 5 5 5 5 5 5 5 5 5 5 5 5 5 5 5 5 5 5 5 5 5 5 5 5 5 5 5 5 5 5 5 5 5 5 5 3 3 3 3 3 3 3
51 515049484746454443424140393837363534333231302928272625242322212019181716151413121110 9 8 7 6 5 4 3 2 1
    5 5 5 5 5 5 5 5 5 5 5 5 5 5 5 5 5 5 5 5 5 5 5 5 5 5 5 5 5 5 5 5 5 5 5 5 5 5 5 5 5 5 5 3 3 3 3 3 3 3 3
51 515049484746454443424140393837363534333231302928272625242322212019181716151413121110 9 8 7 6 5 4 3 2 1
    5 5 5 5 5 5 5 5 5 5 5 5 5 5 5 5 5 5 5 5 5 5 5 5 5 5 5 5 5 5 5 5 5 5 5 5 5 5 5 5 5 5 3 3 3 3 3 3 3 3 3
51 515049484746454443424140393837363534333231302928272625242322212019181716151413121110 9 8 7 6 5 4 3 2 1
    5 5 5 5 5 5 5 5 5 5 5 5 5 5 5 5 5 5 5 5 5 5 5 5 5 5 5 5 5 5 5 5 5 5 5 5 5 5 5 5 5 3 3 3 3 3 3 3 3 3 3
51 515049484746454443424140393837363534333231302928272625242322212019181716151413121110 9 8 7 6 5 4 3 2 1
    5 5 5 5 5 5 5 5 5 5 5 5 5 5 5 5 5 5 5 5 5 5 5 5 5 5 5 5 5 5 5 5 5 5 5 5 5 5 5 5 3 3 3 3 3 3 3 3 3 3 3
51 515049484746454443424140393837363534333231302928272625242322212019181716151413121110 9 8 7 6 5 4 3 2 1
    5 5 5 5 5 5 5 5 5 5 5 5 5 5 5 5 5 5 5 5 5 5 5 5 5 5 5 5 5 5 5 5 5 5 5 5 5 5 5 3 3 3 3 3 3 3 3 3 3 3 3
51 515049484746454443424140393837363534333231302928272625242322212019181716151413121110 9 8 7 6 5 4 3 2 1
    5 5 5 5 5 5 5 5 5 5 5 5 5 5 5 5 5 5 5 5 5 5 5 5 5 5 5 5 5 5 5 5 5 5 5 5 5 5 3 3 3 3 3 3 3 3 3 3 3 3 3
51 515049484746454443424140393837363534333231302928272625242322212019181716151413121110 9 8 7 6 5 4 3 2 1
    5 5 5 5 5 5 5 5 5 5 5 5 5 5 5 5 5 5 5 5 5 5 5 5 5 5 5 5 5 5 5 5 5 5 5 5 5 3 3 3 3 3 3 3 3 3 3 3 3 3 3
51 515049484746454443424140393837363534333231302928272625242322212019181716151413121110 9 8 7 6 5 4 3 2 1
    5 5 5 5 5 5 5 5 5 5 5 5 5 5 5 5 5 5 5 5 5 5 5 5 5 5 5 5 5 5 5 5 5 5 5 5 3 3 3 3 3 3 3 3 3 3 3 3 3 3 3
51 515049484746454443424140393837363534333231302928272625242322212019181716151413121110 9 8 7 6 5 4 3 2 1
    5 5 5 5 5 5 5 5 5 5 5 5 5 5 5 5 5 5 5 5 5 5 5 5 5 5 5 5 5 5 5 5 5 5 5 3 3 3 3 3 3 3 3 3 3 3 3 3 3 3 3
51 515049484746454443424140393837363534333231302928272625242322212019181716151413121110 9 8 7 6 5 4 3 2 1
    5 5 5 5 5 5 5 5 5 5 5 5 5 5 5 5 5 5 5 5 5 5 5 5 5 5 5 5 5 5 5 5 5 5 3 3 3 3 3 3 3 3 3 3 3 3 3 3 3 3 3
51 515049484746454443424140393837363534333231302928272625242322212019181716151413121110 9 8 7 6 5 4 3 2 1
    5 5 5 5 5 5 5 5 5 5 5 5 5 5 5 5 5 5 5 5 5 5 5 5 5 5 5 5 5 5 5 5 5 3 3 3 3 3 3 3 3 3 3 3 3 3 3 3 3 3 3
51 515049484746454443424140393837363534333231302928272625242322212019181716151413121110 9 8 7 6 5 4 3 2 1
    5 5 5 5 5 5 5 5 5 5 5 5 5 5 5 5 5 5 5 5 5 5 5 5 5 5 5 5 5 5 5 5 3 3 3 3 3 3 3 3 3 3 3 3 3 3 3 3 3 3 3
51 515049484746454443424140393837363534333231302928272625242322212019181716151413121110 9 8 7 6 5 4 3 2 1
    5 5 5 5 5 5 5 5 5 5 5 5 5 5 5 5 5 5 5 5 5 5 5 5 5 5 5 5 5 5 5 3 3 3 3 3 3 3 3 3 3 3 3 3 3 3 3 3 3 3 3
51 515049484746454443424140393837363534333231302928272625242322212019181716151413121110 9 8 7 6 5 4 3 2 1
    5 5 5 5 5 5 5 5 5 5 5 5 5 5 5 5 5 5 5 5 5 5 5 5 5 5 5 5 5 5 3 3 3 3 3 3 3 3 3 3 3 3 3 3 3 3 3 3 3 3 3
51 515049484746454443424140393837363534333231302928272625242322212019181716151413121110 9 8 7 6 5 4 3 2 1
    5 5 5 5 5 5 5 5 5 5 5 5 5 5 5 5 5 5 5 5 5 5 5 5 5 5 5 5 5 3 3 3 3 3 3 3 3 3 3 3 3 3 3 3 3 3 3 3 3 3 3
51 515049484746454443424140393837363534333231302928272625242322212019181716151413121110 9 8 7 6 5 4 3 2 1
    5 5 5 5 5 5 5 5 5 5 5 5 5 5 5 5 5 5 5 5 5 5 5 5 5 5 5 5 3 3 3 3 3 3 3 3 3 3 3 3 3 3 3 3 3 3 3 3 3 3 3
51 515049484746454443424140393837363534333231302928272625242322212019181716151413121110 9 8 7 6 5 4 3 2 1
    5 5 5 5 5 5 5 5 5 5 5 5 5 5 5 5 5 5 5 5 5 5 5 5 5 5 5 3 3 3 3 3 3 3 3 3 3 3 3 3 3 3 3 3 3 3 3 3 3 3 3
51 515049484746454443424140393837363534333231302928272625242322212019181716151413121110 9 8 7 6 5 4 3 2 1
    5 5 5 5 5 5 5 5 5 5 5 5 5 5 5 5 5 5 5 5 5 5 5 5 5 5 3 3 3 3 3 3 3 3 3 3 3 3 3 3 3 3 3 3 3 3 3 3 3 3 3
51 515049484746454443424140393837363534333231302928272625242322212019181716151413121110 9 8 7 6 5 4 3 2 1
    5 5 5 5 5 5 5 5 5 5 5 5 5 5 5 5 5 5 5 5 5 5 5 5 5 3 3 3 3 3 3 3 3 3 3 3 3 3 3 3 3 3 3 3 3 3 3 3 3 3 3
51 515049484746454443424140393837363534333231302928272625242322212019181716151413121110 9 8 7 6 5 4 3 2 1
    5 5 5 5 5 5 5 5 5 5 5 5 5 5 5 5 5 5 5 5 5 5 5 5 3 3 3 3 3 3 3 3 3 3 3 3 3 3 3 3 3 3 3 3 3 3 3 3 3 3 3
51 515049484746454443424140393837363534333231302928272625242322212019181716151413121110 9 8 7 6 5 4 3 2 1
    5 5 5 5 5 5 5 5 5 5 5 5 5 5 5 5 5 5 5 5 5 5 5 3 3 3 3 3 3 3 3 3 3 3 3 3 3 3 3 3 3 3 3 3 3 3 3 3 3 3 3
51 515049484746454443424140393837363534333231302928272625242322212019181716151413121110 9 8 7 6 5 4 3 2 1
    5 5 5 5 5 5 5 5 5 5 5 5 5 5 5 5 5 5 5 5 5 5 3 3 3 3 3 3 3 3 3 3 3 3 3 3 3 3 3 3 3 3 3 3 3 3 3 3 3 3 3
51 515049484746454443424140393837363534333231302928272625242322212019181716151413121110 9 8 7 6 5 4 3 2 1
    5 5 5 5 5 5 5 5 5 5 5 5 5 5 5 5 5 5 5 5 5 3 3 3 3 3 3 3 3 3 3 3 3 3 3 3 3 3 3 3 3 3 3 3 3 3 3 3 3 3 3
51 515049484746454443424140393837363534333231302928272625242322212019181716151413121110 9 8 7 6 5 4 3 2 1
    5 5 5 5 5 5 5 5 5 5 5 5 5 5 5 5 5 5 5 5 3 3 3 3 3 3 3 3 3 3 3 3 3 3 3 3 3 3 3 3 3 3 3 3 3 3 3 3 3 3 3
51 515049484746454443424140393837363534333231302928272625242322212019181716151413121110 9 8 7 6 5 4 3 2 1
    5 5 5 5 5 5 5 5 5 5 5 5 5 5 5 5 5 5 5 3 3 3 3 3 3 3 3 3 3 3 3 3 3 3 3 3 3 3 3 3 3 3 3 3 3 3 3 3 3 3 3
51 515049484746454443424140393837363534333231302928272625242322212019181716151413121110 9 8 7 6 5 4 3 2 1
    5 5 5 5 5 5 5 5 5 5 5 5 5 5 5 5 5 5 3 3 3 3 3 3 3 3 3 3 3 3 3 3 3 3 3 3 3 3 3 3 3 3 3 3 3 3 3 3 3 3 3
51 515049484746454443424140393837363534333231302928272625242322212019181716151413121110 9 8 7 6 5 4 3 2 1
    5 5 5 5 5 5 5 5 5 5 5 5 5 5 5 5 5 3 3 3 3 3 3 3 3 3 3 3 3 3 3 3 3 3 3 3 3 3 3 3 3 3 3 3 3 3 3 3 3 3 3
51 515049484746454443424140393837363534333231302928272625242322212019181716151413121110 9 8 7 6 5 4 3 2 1
    5 5 5 5 5 5 5 5 5 5 5 5 5 5 5 5 3 3 3 3 3 3 3 3 3 3 3 3 3 3 3 3 3 3 3 3 3 3 3 3 3 3 3 3 3 3 3 3 3 3 3
51 515049484746454443424140393837363534333231302928272625242322212019181716151413121110 9 8 7 6 5 4 3 2 1
    5 5 5 5 5 5 5 5 5 5 5 5 5 5 5 3 3 3 3 3 3 3 3 3 3 3 3 3 3 3 3 3 3 3 3 3 3 3 3 3 3 3 3 3 3 3 3 3 3 3 3
51 515049484746454443424140393837363534333231302928272625242322212019181716151413121110 9 8 7 6 5 4 3 2 1
    5 5 5 5 5 5 5 5 5 5 5 5 5 5 3 3 3 3 3 3 3 3 3 3 3 3 3 3 3 3 3 3 3 3 3 3 3 3 3 3 3 3 3 3 3 3 3 3 3 3 3
51 515049484746454443424140393837363534333231302928272625242322212019181716151413121110 9 8 7 6 5 4 3 2 1
    5 5 5 5 5 5 5 5 5 5 5 5 5 3 3 3 3 3 3 3 3 3 3 3 3 3 3 3 3 3 3 3 3 3 3 3 3 3 3 3 3 3 3 3 3 3 3 3 3 3 3
51 515049484746454443424140393837363534333231302928272625242322212019181716151413121110 9 8 7 6 5 4 3 2 1
    5 5 5 5 5 5 5 5 5 5 5 5 3 3 3 3 3 3 3 3 3 3 3 3 3 3 3 3 3 3 3 3 3 3 3 3 3 3 3 3 3 3 3 3 3 3 3 3 3 3 3
51 515049484746454443424140393837363534333231302928272625242322212019181716151413121110 9 8 7 6 5 4 3 2 1
    5 5 5 5 5 5 5 5 5 5 5 3 3 3 3 3 3 3 3 3 3 3 3 3 3 3 3 3 3 3 3 3 3 3 3 3 3 3 3 3 3 3 3 3 3 3 3 3 3 3 3
51 515049484746454443424140393837363534333231302928272625242322212019181716151413121110 9 8 7 6 5 4 3 2 1
    5 5 5 5 5 5 5 5 5 5 3 3 3 3 3 3 3 3 3 3 3 3 3 3 3 3 3 3 3 3 3 3 3 3 3 3 3 3 3 3 3 3 3 3 3 3 3 3 3 3 3
51 515049484746454443424140393837363534333231302928272625242322212019181716151413121110 9 8 7 6 5 4 3 2 1
    5 5 5 5 5 5 5 5 5 3 3 3 3 3 3 3 3 3 3 3 3 3 3 3 3 3 3 3 3 3 3 3 3 3 3 3 3 3 3 3 3 3 3 3 3 3 3 3 3 3 3
51 515049484746454443424140393837363534333231302928272625242322212019181716151413121110 9 8 7 6 5 4 3 2 1
    5 5 5 5 5 5 5 5 3 3 3 3 3 3 3 3 3 3 3 3 3 3 3 3 3 3 3 3 3 3 3 3 3 3 3 3 3 3 3 3 3 3 3 3 3 3 3 3 3 3 3
51 515049484746454443424140393837363534333231302928272625242322212019181716151413121110 9 8 7 6 5 4 3 2 1
    5 5 5 5 5 5 5 3 3 3 3 3 3 3 3 3 3 3 3 3 3 3 3 3 3 3 3 3 3 3 3 3 3 3 3 3 3 3 3 3 3 3 3 3 3 3 3 3 3 3 3
51 515049484746454443424140393837363534333231302928272625242322212019181716151413121110 9 8 7 6 5 4 3 2 1
    5 5 5 5 5 5 3 3 3 3 3 3 3 3 3 3 3 3 3 3 3 3 3 3 3 3 3 3 3 3 3 3 3 3 3 3 3 3 3 3 3 3 3 3 3 3 3 3 3 3 3
51 515049484746454443424140393837363534333231302928272625242322212019181716151413121110 9 8 7 6 5 4 3 2 1
    5 5 5 5 5 3 3 3 3 3 3 3 3 3 3 3 3 3 3 3 3 3 3 3 3 3 3 3 3 3 3 3 3 3 3 3 3 3 3 3 3 3 3 3 3 3 3 3 3 3 3
51 515049484746454443424140393837363534333231302928272625242322212019181716151413121110 9 8 7 6 5 4 3 2 1
    5 5 5 5 3 3 3 3 3 3 3 3 3 3 3 3 3 3 3 3 3 3 3 3 3 3 3 3 3 3 3 3 3 3 3 3 3 3 3 3 3 3 3 3 3 3 3 3 3 3 3
51 515049484746454443424140393837363534333231302928272625242322212019181716151413121110 9 8 7 6 5 4 3 2 1
    5 5 5 3 3 3 3 3 3 3 3 3 3 3 3 3 3 3 3 3 3 3 3 3 3 3 3 3 3 3 3 3 3 3 3 3 3 3 3 3 3 3 3 3 3 3 3 3 3 3 3
51 515049484746454443424140393837363534333231302928272625242322212019181716151413121110 9 8 7 6 5 4 3 2 1
    5 5 3 3 3 3 3 3 3 3 3 3 3 3 3 3 3 3 3 3 3 3 3 3 3 3 3 3 3 3 3 3 3 3 3 3 3 3 3 3 3 3 3 3 3 3 3 3 3 3 3
51 515049484746454443424140393837363534333231302928272625242322212019181716151413121110 9 8 7 6 5 4 3 2 1
    5 3 3 3 3 3 3 3 3 3 3 3 3 3 3 3 3 3 3 3 3 3 3 3 3 3 3 3 3 3 3 3 3 3 3 3 3 3 3 3 3 3 3 3 3 3 3 3 3 3 3
