1.000000 0.019644
2.000000 0.019840
3.000000 0.020336
4.000000 0.021184
5.000000 0.021960
6.000000 0.023280
7.000000 0.023367
8.000000 0.024660
9.000000 0.025341
10.000000 0.025460
11.000000 0.025607
12.000000 0.026089
13.000000 0.026332
14.000000 0.026654
15.000000 0.029204
16.000000 0.029722
17.000000 0.030376
18.000000 0.031390
19.000000 0.032144
20.000000 0.032389
21.000000 0.032727
22.000000 0.033065
23.000000 0.033386
24.000000 0.035192
25.000000 0.035810
26.000000 0.036042
27.000000 0.036724
28.000000 0.036792
29.000000 0.037631
30.000000 0.037652
31.000000 0.038001
32.000000 0.038159
33.000000 0.038274
34.000000 0.038967
35.000000 0.039144
36.000000 0.039320
37.000000 0.039525
38.000000 0.039998
39.000000 0.040664
40.000000 0.041107
41.000000 0.041690
42.000000 0.041759
43.000000 0.042445
44.000000 0.042495
45.000000 0.042772
46.000000 0.043105
47.000000 0.043475
48.000000 0.043809
49.000000 0.044752
50.000000 0.045415
51.000000 0.046252
52.000000 0.046254
53.000000 0.046287
54.000000 0.046347
55.000000 0.046435
56.000000 0.046883
57.000000 0.046955
58.000000 0.047356
59.000000 0.047904
60.000000 0.048407
61.000000 0.048583
62.000000 0.048649
63.000000 0.048817
64.000000 0.049455
65.000000 0.049590
66.000000 0.049794
67.000000 0.050151
68.000000 0.050200
69.000000 0.050383
70.000000 0.050736
71.000000 0.050896
72.000000 0.050935
73.000000 0.050952
74.000000 0.051081
75.000000 0.051821
76.000000 0.052890
77.000000 0.053475
78.000000 0.054052
79.000000 0.054125
80.000000 0.054924
81.000000 0.055076
82.000000 0.055397
83.000000 0.055687
84.000000 0.055771
85.000000 0.055856
86.000000 0.056181
87.000000 0.056276
88.000000 0.056375
89.000000 0.056800
90.000000 0.056852
91.000000 0.056917
92.000000 0.057319
93.000000 0.057406
94.000000 0.057654
95.000000 0.057729
96.000000 0.057744
97.000000 0.057897
98.000000 0.058113
99.000000 0.058978
100.000000 0.059037
101.000000 0.059354
102.000000 0.059861
103.000000 0.059975
104.000000 0.060057
105.000000 0.060118
106.000000 0.060120
107.000000 0.060159
108.000000 0.060160
109.000000 0.060555
110.000000 0.060624
111.000000 0.060839
112.000000 0.061056
113.000000 0.061122
114.000000 0.061203
115.000000 0.061464
116.000000 0.061564
117.000000 0.062235
118.000000 0.062251
119.000000 0.062469
120.000000 0.062481
121.000000 0.062556
122.000000 0.062584
123.000000 0.063251
124.000000 0.063302
125.000000 0.063664
126.000000 0.063768
127.000000 0.064476
128.000000 0.064997
129.000000 0.065033
130.000000 0.065067
131.000000 0.065198
132.000000 0.065364
133.000000 0.065701
134.000000 0.066209
135.000000 0.066771
136.000000 0.067298
137.000000 0.068111
138.000000 0.068648
139.000000 0.068650
140.000000 0.068738
141.000000 0.069296
142.000000 0.069396
143.000000 0.069414
144.000000 0.069682
145.000000 0.069728
146.000000 0.069781
147.000000 0.069829
148.000000 0.070024
149.000000 0.070529
150.000000 0.070612
151.000000 0.070878
152.000000 0.070974
153.000000 0.071105
154.000000 0.071128
155.000000 0.071832
156.000000 0.071952
157.000000 0.071996
158.000000 0.072005
159.000000 0.072668
160.000000 0.072802
161.000000 0.072816
162.000000 0.072820
163.000000 0.072846
164.000000 0.073138
165.000000 0.073169
166.000000 0.073452
167.000000 0.073785
168.000000 0.074158
169.000000 0.074233
170.000000 0.074319
171.000000 0.074849
172.000000 0.075535
173.000000 0.076194
174.000000 0.076252
175.000000 0.076281
176.000000 0.076286
177.000000 0.076300
178.000000 0.076420
179.000000 0.076754
180.000000 0.076881
181.000000 0.077211
182.000000 0.077548
183.000000 0.078018
184.000000 0.078735
185.000000 0.078809
186.000000 0.078978
187.000000 0.079019
188.000000 0.079311
189.000000 0.079707
190.000000 0.079867
191.000000 0.080190
192.000000 0.080342
193.000000 0.081093
194.000000 0.081449
195.000000 0.081702
196.000000 0.081893
197.000000 0.082084
198.000000 0.082294
199.000000 0.082296
200.000000 0.082416
201.000000 0.082511
202.000000 0.082631
203.000000 0.082959
204.000000 0.083111
205.000000 0.083353
206.000000 0.083747
207.000000 0.084098
208.000000 0.084137
209.000000 0.084179
210.000000 0.084617
211.000000 0.085131
212.000000 0.085317
213.000000 0.085479
214.000000 0.085634
215.000000 0.085776
216.000000 0.086195
217.000000 0.086314
218.000000 0.086528
219.000000 0.086773
220.000000 0.087122
221.000000 0.087502
222.000000 0.087526
223.000000 0.088044
224.000000 0.088085
225.000000 0.088209
226.000000 0.088613
227.000000 0.088964
228.000000 0.089841
229.000000 0.090267
230.000000 0.090421
231.000000 0.090513
232.000000 0.090751
233.000000 0.090792
234.000000 0.090979
235.000000 0.092277
236.000000 0.092465
237.000000 0.093082
238.000000 0.093487
239.000000 0.093926
240.000000 0.094115
241.000000 0.094212
242.000000 0.094290
243.000000 0.094510
244.000000 0.095142
245.000000 0.095151
246.000000 0.095520
247.000000 0.095592
248.000000 0.095623
249.000000 0.095686
250.000000 0.095844
251.000000 0.096417
252.000000 0.096741
253.000000 0.096915
254.000000 0.097004
255.000000 0.097717
256.000000 0.097848
257.000000 0.099294
258.000000 0.099708
259.000000 0.099802
260.000000 0.100089
261.000000 0.102007
262.000000 0.102192
263.000000 0.102285
264.000000 0.102831
265.000000 0.103070
266.000000 0.103179
267.000000 0.103371
268.000000 0.103415
269.000000 0.103547
270.000000 0.103846
271.000000 0.104733
272.000000 0.105631
273.000000 0.106276
274.000000 0.106634
275.000000 0.107335
276.000000 0.107382
277.000000 0.107515
278.000000 0.107694
279.000000 0.107824
280.000000 0.107921
281.000000 0.108046
282.000000 0.109369
283.000000 0.109473
284.000000 0.109571
285.000000 0.110085
286.000000 0.110100
287.000000 0.111015
288.000000 0.111520
289.000000 0.112086
290.000000 0.112712
291.000000 0.115756
292.000000 0.116805
293.000000 0.116942
294.000000 0.116969
295.000000 0.117280
296.000000 0.117842
297.000000 0.118437
298.000000 0.118520
299.000000 0.118764
300.000000 0.119115
301.000000 0.119241
302.000000 0.119728
303.000000 0.120232
304.000000 0.121042
305.000000 0.123352
306.000000 0.123467
307.000000 0.123790
308.000000 0.124045
309.000000 0.124278
310.000000 0.124983
311.000000 0.125050
312.000000 0.125072
313.000000 0.126692
314.000000 0.126940
315.000000 0.127426
316.000000 0.128172
317.000000 0.129002
318.000000 0.129116
319.000000 0.129370
320.000000 0.130200
321.000000 0.130898
322.000000 0.131109
323.000000 0.131913
324.000000 0.132036
325.000000 0.132895
326.000000 0.132942
327.000000 0.134707
328.000000 0.135494
329.000000 0.136123
330.000000 0.138769
331.000000 0.139587
332.000000 0.140013
333.000000 0.140084
334.000000 0.140512
335.000000 0.141117
336.000000 0.141566
337.000000 0.141687
338.000000 0.141834
339.000000 0.142241
340.000000 0.143516
341.000000 0.145737
342.000000 0.146023
343.000000 0.146768
344.000000 0.147854
345.000000 0.148337
346.000000 0.153203
347.000000 0.153534
348.000000 0.155146
349.000000 0.155678
350.000000 0.159040
351.000000 0.162917
352.000000 0.163173
353.000000 0.164647
354.000000 0.168157
355.000000 0.168873
356.000000 0.172113
357.000000 0.172577
358.000000 0.173549
359.000000 0.176553
360.000000 0.177276
361.000000 0.178597
362.000000 0.180547
363.000000 0.180913
364.000000 0.182320
365.000000 0.187406
366.000000 0.188166
367.000000 0.191150
368.000000 0.192338
369.000000 0.195964
370.000000 0.202227
371.000000 0.205337
372.000000 0.205872
373.000000 0.208834
374.000000 0.215578
375.000000 0.215922
376.000000 0.216014
377.000000 0.217168
378.000000 0.219799
379.000000 0.221903
380.000000 0.227439
381.000000 0.254355
382.000000 0.258729
383.000000 0.293597
384.000000 0.301102
385.000000 0.325702
386.000000 0.340751
387.000000 0.353170
388.000000 0.566242
