1 0.018694
2 0.026777
3 0.027183
4 0.028279
5 0.030602
6 0.033056
7 0.035727
8 0.035972
9 0.036251
10 0.036674
11 0.037341
12 0.037647
13 0.037699
14 0.038010
15 0.038286
16 0.039021
17 0.039359
18 0.040643
19 0.041456
20 0.041697
21 0.042362
22 0.042641
23 0.043713
24 0.044081
25 0.044173
26 0.044286
27 0.044588
28 0.045522
29 0.045663
30 0.045853
31 0.046280
32 0.046375
33 0.046565
34 0.046615
35 0.047053
36 0.047630
37 0.048165
38 0.048566
39 0.049315
40 0.049406
41 0.049429
42 0.049643
43 0.050047
44 0.050514
45 0.050907
46 0.051297
47 0.051522
48 0.052747
49 0.052986
50 0.053888
51 0.054001
52 0.054190
53 0.054833
54 0.056044
55 0.056683
56 0.057057
57 0.057351
58 0.058532
59 0.058904
60 0.058910
61 0.059242
62 0.060005
63 0.060019
64 0.060480
65 0.060686
66 0.060843
67 0.061044
68 0.061379
69 0.061751
70 0.062000
71 0.062266
72 0.062942
73 0.062947
74 0.063007
75 0.063480
76 0.063537
77 0.063718
78 0.063918
79 0.064016
80 0.064507
81 0.064700
82 0.064803
83 0.064833
84 0.065318
85 0.065404
86 0.065427
87 0.065516
88 0.065726
89 0.065737
90 0.066349
91 0.066368
92 0.066381
93 0.066828
94 0.066981
95 0.067051
96 0.067314
97 0.067706
98 0.068348
99 0.068350
100 0.068571
101 0.069138
102 0.069682
103 0.070269
104 0.071516
105 0.071602
106 0.071725
107 0.071777
108 0.071937
109 0.071986
110 0.072379
111 0.073216
112 0.073571
113 0.074322
114 0.074494
115 0.075117
116 0.075834
117 0.076162
118 0.076499
119 0.076656
120 0.076790
121 0.076850
122 0.076907
123 0.077105
124 0.077340
125 0.077552
126 0.077572
127 0.077670
128 0.078366
129 0.078639
130 0.078845
131 0.079091
132 0.079143
133 0.079178
134 0.079191
135 0.079732
136 0.079948
137 0.080231
138 0.080255
139 0.080454
140 0.080528
141 0.080651
142 0.081527
143 0.081681
144 0.081748
145 0.081789
146 0.082004
147 0.082078
148 0.082291
149 0.082591
150 0.082606
151 0.082698
152 0.083217
153 0.083218
154 0.083501
155 0.083518
156 0.084148
157 0.084422
158 0.085046
159 0.085068
160 0.085087
161 0.085130
162 0.085192
163 0.085682
164 0.085729
165 0.085946
166 0.086450
167 0.086859
168 0.087336
169 0.087432
170 0.087844
171 0.088065
172 0.089029
173 0.089208
174 0.089391
175 0.089428
176 0.089623
177 0.089729
178 0.089808
179 0.090474
180 0.090778
181 0.090863
182 0.091148
183 0.091156
184 0.091345
185 0.091393
186 0.091633
187 0.092031
188 0.092265
189 0.093338
190 0.093837
191 0.093865
192 0.093914
193 0.093968
194 0.094624
195 0.095424
196 0.096207
197 0.096351
198 0.096358
199 0.096454
200 0.096596
201 0.096885
202 0.097620
203 0.098027
204 0.098525
205 0.098675
206 0.098886
207 0.099227
208 0.099430
209 0.099735
210 0.099950
211 0.100196
212 0.100389
213 0.100703
214 0.101425
215 0.102017
216 0.102271
217 0.102352
218 0.103674
219 0.103920
220 0.104110
221 0.104141
222 0.105535
223 0.105590
224 0.106040
225 0.106074
226 0.106677
227 0.106874
228 0.107108
229 0.108264
230 0.108483
231 0.108568
232 0.108841
233 0.108982
234 0.109313
235 0.109748
236 0.109815
237 0.110170
238 0.110964
239 0.111064
240 0.111406
241 0.111470
242 0.111527
243 0.112250
244 0.112545
245 0.113504
246 0.114760
247 0.115151
248 0.115219
249 0.115439
250 0.115570
251 0.115630
252 0.115651
253 0.115807
254 0.115987
255 0.116364
256 0.116660
257 0.117365
258 0.119047
259 0.119133
260 0.120279
261 0.121001
262 0.121620
263 0.122164
264 0.122433
265 0.123563
266 0.123834
267 0.124182
268 0.124245
269 0.125302
270 0.126235
271 0.126645
272 0.127026
273 0.127251
274 0.127469
275 0.127624
276 0.127894
277 0.128307
278 0.128562
279 0.129418
280 0.129607
281 0.130289
282 0.131836
283 0.132177
284 0.132491
285 0.133846
286 0.134216
287 0.135830
288 0.135888
289 0.136273
290 0.136318
291 0.138137
292 0.139000
293 0.141334
294 0.143381
295 0.144230
296 0.144260
297 0.145114
298 0.145724
299 0.145785
300 0.147954
301 0.148965
302 0.150989
303 0.152497
304 0.152821
305 0.153284
306 0.153600
307 0.154248
308 0.154624
309 0.155116
310 0.156279
311 0.156324
312 0.157601
313 0.157978
314 0.159369
315 0.159485
316 0.159918
317 0.160688
318 0.164685
319 0.165496
320 0.166881
321 0.167090
322 0.167329
323 0.167338
324 0.168066
325 0.169593
326 0.170830
327 0.172892
328 0.173790
329 0.175099
330 0.175189
331 0.176407
332 0.176998
333 0.177371
334 0.177828
335 0.184072
336 0.185388
337 0.188990
338 0.190278
339 0.190967
340 0.194029
341 0.196027
342 0.197515
343 0.199411
344 0.203479
345 0.206634
346 0.206991
347 0.208075
348 0.217580
349 0.226443
350 0.228735
351 0.233285
352 0.233787
353 0.241622
354 0.248121
355 0.254556
356 0.261386
357 0.280648
358 0.284083
359 0.308639
360 0.321364
361 0.328328
362 0.360922
363 0.425355
364 0.596274
365 0.725397
366 0.864223
