        82
    3.000     1.800     2.300     1.600
    4.700     2.800     2.600     2.700
    5.800     3.360     2.600    10.000
    6.100     3.600     2.80      6.700
    6.500     3.750     2.900     6.000
    7.0       4.2       3.3       5.0
    8.042     4.476     3.378    17.000
    8.044     4.482     3.376    17.000
    8.046     4.488     3.374    17.000
    8.048     4.494     3.372    17.000
    8.050     4.500     3.370    17.000
    8.100     4.504     3.368    18.000
    8.150     4.507     3.366    18.000
    8.200     4.511     3.364    18.000
    8.250     4.514     3.363    18.000
    8.300     4.518     3.361    18.000
    8.366     4.554     3.441    18.182
    8.433     4.585     3.452    18.182
    8.499     4.617     3.462    18.182
    8.565     4.649     3.473    18.182
    8.632     4.680     3.484    18.182
    8.698     4.712     3.495    18.182
    8.765     4.743     3.506    18.182
    8.831     4.775     3.517    18.182
    8.897     4.807     3.528    18.182
    8.964     4.838     3.538    18.182
    9.030     4.870     3.549    18.182
    9.425     5.111     3.936    19.231
    9.489     5.152     3.941    19.231
    9.554     5.192     3.945    19.231
    9.618     5.233     3.949    19.231
    9.683     5.274     3.954    13.077
    9.683     5.274     3.954     6.154
    9.748     5.315     3.958    19.231
    9.812     5.355     3.963    19.231
    9.877     5.396     3.967    19.231
    9.942     5.437     3.972    19.231
   10.006     5.478     3.976    19.231
   10.071     5.518     3.981    19.231
   10.135     5.559     3.985    19.231
   10.200     5.600     3.990    19.231
   10.814     5.974     4.380     9.091
   10.838     5.997     4.386     9.091
   10.862     6.021     4.392     9.091
   10.887     6.044     4.397     9.091
   10.911     6.068     4.403     9.091
   10.935     6.092     4.408     9.091
   10.959     6.115     4.414     9.091
   10.983     6.139     4.420     9.091
   11.007     6.162     4.425     9.091
   11.032     6.186     4.431     9.091
   11.056     6.209     4.436     9.091
   11.074     6.217     4.443     9.950
   0.110839E+02   0.624759E+01   0.444932E+01   0.200000E+02
   0.111203E+02   0.626188E+01   0.446150E+01   0.200000E+02
   0.111564E+02   0.627604E+01   0.447364E+01   0.200000E+02
   0.111921E+02   0.629006E+01   0.448572E+01   0.200000E+02
   0.112274E+02   0.630395E+01   0.449776E+01   0.200000E+02
   0.112624E+02   0.631771E+01   0.450975E+01   0.200000E+02
   0.112970E+02   0.633134E+01   0.452169E+01   0.200000E+02
   0.113313E+02   0.634484E+01   0.453358E+01   0.200000E+02
   0.113653E+02   0.635822E+01   0.454543E+01   0.200000E+02
   0.113989E+02   0.637148E+01   0.455723E+01   0.200000E+02
   0.114322E+02   0.638461E+01   0.456898E+01   0.200000E+02
   0.114652E+02   0.639763E+01   0.458069E+01   0.200000E+02
   0.114979E+02   0.641052E+01   0.459236E+01   0.200000E+02
   0.115303E+02   0.642330E+01   0.460398E+01   0.200000E+02
   0.115624E+02   0.643597E+01   0.461555E+01   0.200000E+02
   0.115942E+02   0.644852E+01   0.462709E+01   0.200000E+02
   0.116256E+02   0.646096E+01   0.463858E+01   0.200000E+02
   0.116568E+02   0.647329E+01   0.465003E+01   0.200000E+02
   0.116877E+02   0.648551E+01   0.466144E+01   0.200000E+02
   0.117184E+02   0.649762E+01   0.467281E+01   0.200000E+02
   0.117487E+02   0.650963E+01   0.468413E+01   0.200000E+02
   0.117788E+02   0.652154E+01   0.469542E+01   0.200000E+02
   0.118087E+02   0.653335E+01   0.470667E+01   0.200000E+02
   0.118382E+02   0.654506E+01   0.471789E+01   0.200000E+02
   0.118675E+02   0.655667E+01   0.472906E+01   0.200000E+02
   0.118966E+02   0.656818E+01   0.474020E+01   0.200000E+02
   0.119254E+02   0.657960E+01   0.475130E+01   0.200000E+02
   0.119540E+02   0.659093E+01   0.476236E+01   0.200000E+02
   0.119824E+02   0.660217E+01   0.477339E+01   0.200000E+02

