85
4.942907 2.924849 2.530373 0 .0 1
4.942907 2.924849 2.530373 5 5.0 1
5.436879 3.216721 2.609450 5 10.0 2
6.007343 3.525305 2.720168 5 15.0 3
6.042877 3.543588 2.728551 5 20.0 4
5.984311 3.512464 2.716465 5 25.0 5
6.103162 3.573728 2.744839 5 30.0 6
6.217158 3.632279 2.772157 10 40.0 7
6.907105 3.987467 2.959801 10 50.0 8
7.617173 4.357262 3.176145 10 60.0 9
7.917148 4.512529 3.267808 10 70.0 10
7.953433 4.532081 3.279636 10 80.0 11
7.886109 4.496419 3.256937 10 90.0 12
7.782319 4.441249 3.222472 10 100.0 13
8.050 4.500 3.370 17.000 117.0 14
8.100 4.504 3.368 18.000 135.0 15
8.150 4.507 3.366 18.000 153.0 16
8.200 4.511 3.364 18.000 171.0 17
8.250 4.514 3.363 18.000 189.0 18
8.300 4.518 3.361 18.000 207.0 19
8.366 4.554 3.441 18.182 225.182 20
8.433 4.585 3.452 18.182 243.364 21
8.499 4.617 3.462 18.182 261.546 22
8.565 4.649 3.473 18.182 279.728 23
8.632 4.680 3.484 18.182 297.910 24
8.698 4.712 3.495 18.182 316.092 25
8.765 4.743 3.506 18.182 334.274 26
8.831 4.775 3.517 18.182 352.456 27
8.897 4.807 3.528 18.182 370.638 28
8.964 4.838 3.538 18.182 388.820 29
9.030 4.870 3.549 18.182 407.002 30
9.425 5.111 3.936 19.231 426.233 31
9.489 5.152 3.941 19.231 445.464 32
9.554 5.192 3.945 19.231 464.695 33
9.618 5.233 3.949 19.231 483.926 34
9.683 5.274 3.954 13.077 497.003 35
9.683 5.274 3.954 6.154 503.157 36
9.748 5.315 3.958 19.231 522.388 37
9.812 5.355 3.963 19.231 541.619 38
9.877 5.396 3.967 19.231 560.850 39
9.942 5.437 3.972 19.231 580.081 40
10.006 5.478 3.976 19.231 599.312 41
10.071 5.518 3.981 19.231 618.543 42
10.135 5.559 3.985 19.231 637.774 43
10.200 5.600 3.990 19.231 657.005 44
10.814 5.974 4.380 9.091 666.096 45
10.838 5.997 4.386 9.091 675.187 46
10.862 6.021 4.392 9.091 684.278 47
10.887 6.044 4.397 9.091 693.369 48
10.911 6.068 4.403 9.091 702.460 49
10.935 6.092 4.408 9.091 711.551 50
10.959 6.115 4.414 9.091 720.642 51
10.983 6.139 4.420 9.091 729.733 52
11.007 6.162 4.425 9.091 738.824 53
11.032 6.186 4.431 9.091 747.915 54
11.056 6.209 4.436 9.091 757.006 55
11.074 6.217 4.443 9.950 766.956 56
0.110839E+02 0.624759E+01 0.444932E+01 0.200000E+02 786.956 57
0.111203E+02 0.626188E+01 0.446150E+01 0.200000E+02 806.956 58
0.111564E+02 0.627604E+01 0.447364E+01 0.200000E+02 826.956 59
0.111921E+02 0.629006E+01 0.448572E+01 0.200000E+02 846.956 60
0.112274E+02 0.630395E+01 0.449776E+01 0.200000E+02 866.956 61
0.112624E+02 0.631771E+01 0.450975E+01 0.200000E+02 886.956 62
0.112970E+02 0.633134E+01 0.452169E+01 0.200000E+02 906.956 63
0.113313E+02 0.634484E+01 0.453358E+01 0.200000E+02 926.956 64
0.113653E+02 0.635822E+01 0.454543E+01 0.200000E+02 946.956 65
0.113989E+02 0.637148E+01 0.455723E+01 0.200000E+02 966.956 66
0.114322E+02 0.638461E+01 0.456898E+01 0.200000E+02 986.956 67
0.114652E+02 0.639763E+01 0.458069E+01 0.200000E+02 1006.956 68
0.114979E+02 0.641052E+01 0.459236E+01 0.200000E+02 1026.956 69
0.115303E+02 0.642330E+01 0.460398E+01 0.200000E+02 1046.956 70
0.115624E+02 0.643597E+01 0.461555E+01 0.200000E+02 1066.956 71
0.115942E+02 0.644852E+01 0.462709E+01 0.200000E+02 1086.956 72
0.116256E+02 0.646096E+01 0.463858E+01 0.200000E+02 1106.956 73
0.116568E+02 0.647329E+01 0.465003E+01 0.200000E+02 1126.956 74
0.116877E+02 0.648551E+01 0.466144E+01 0.200000E+02 1146.956 75
0.117184E+02 0.649762E+01 0.467281E+01 0.200000E+02 1166.956 76
0.117487E+02 0.650963E+01 0.468413E+01 0.200000E+02 1186.956 77
0.117788E+02 0.652154E+01 0.469542E+01 0.200000E+02 1206.956 78
0.118087E+02 0.653335E+01 0.470667E+01 0.200000E+02 1226.956 79
0.118382E+02 0.654506E+01 0.471789E+01 0.200000E+02 1246.956 80
0.118675E+02 0.655667E+01 0.472906E+01 0.200000E+02 1266.956 81
0.118966E+02 0.656818E+01 0.474020E+01 0.200000E+02 1286.956 82
0.119254E+02 0.657960E+01 0.475130E+01 0.200000E+02 1306.956 83
0.119540E+02 0.659093E+01 0.476236E+01 0.200000E+02 1326.956 84
0.119824E+02 0.660217E+01 0.477339E+01 0.200000E+02 1346.956 85
