    104.0363    22.98494           0.0000      -500.0000         0.0
    104.0331    23.43656           0.0000      -450.0000        50.0
    104.0297    23.88815           0.0000      -400.0000       100.0
    104.0263    24.33971           0.0000      -350.0000       150.0
    104.0228    24.79124           0.0000      -300.0000       200.0
    104.0192    25.24275           0.0000      -250.0000       250.0
    104.0156    25.69423           0.0000      -200.0000       300.0
    104.0118    26.14568           0.0000      -150.0000       350.0
    104.0080    26.59710           0.0000      -100.0000       400.0
    104.0040    27.04849           0.0000       -50.0000       450.0
    104.0000    27.49985           0.0000         0.0000       500.0
    103.9959    27.95119           0.0000        50.0000       550.0
    103.9917    28.40249           0.0000       100.0000       600.0
    103.9873    28.85376           0.0000       150.0000       650.0
    103.9829    29.30500           0.0001       200.0000       700.0
    103.9784    29.75620           0.0001       250.0000       750.0
    103.9738    30.20738           0.0001       300.0000       800.0
    103.9690    30.65852           0.0001       350.0000       850.0
    103.9642    31.10963           0.0001       400.0000       900.0
    103.9592    31.56071           0.0001       450.0000       950.0
    103.9542    32.01176           0.0001       500.0000      1000.0

